x <- c(42, 99, 140, 145, 168,
183, 197, 197, 211, 223,
224, 279, 292, 328, 329,
348, 393, 394, 399, 409,
415, 480, 482, 502, 504,
514, 517, 536, 605, 622,
670, 682, 700, 712, 724,
740, 750, 754, 764, 770,
779, 787, 804, 806, 807,
820, 831, 836, 851, 890,
904, 921, 966, 989, 1008,
1032, 1055, 1056, 1092, 1119,
1122, 1130, 1158, 1189, 1204,
1214, 1216, 1229, 1282, 1307,
1325, 1347, 1350, 1372, 1376,
1413, 1416, 1447, 1453, 1528,
1534, 1543, 1546, 1547, 1553,
1610, 1622, 1646, 1670, 1675,
1693, 1697, 1724, 1729, 1729,
1750, 1826, 1835, 1898, 1963,
1969, 1990, 2021, 2031, 2056,
2066, 2170, 2176, 2232, 2263,
2281, 2340, 2357, 2377, 2392,
2416, 2429, 2439, 2441, 2454,
2492, 2519, 2529, 2638, 2648,
2700, 2749, 2782, 2814, 2830,
2983, 2998, 3184, 3188, 3189,
3195, 3228, 3247, 3293, 3316,
3541, 3552, 3601, 3637, 3760,
3773, 3920, 3954, 4005, 4024,
4107, 4348, 4390, 4432, 4438,
4447, 4847, 5316)
