2012/Importing data into R for home range analysis/data/herbaceous.asc
NCOLS 79
NROWS 84
XLLCORNER 697850
YLLCORNER 3156750
CELLSIZE 100
NODATA_VALUE -9999
[rows 0 to 58 of 84, columns 0 to 78 of 79]
-9999 -9999 -9999 -9999 -9999 -9999 -9999 -9999 -9999 -9999 -9999 -9999 -9999 -9999 -9999 -9999 -9999 -9999 -9999 -9999 -9999 -9999 -9999 -9999 -9999 -9999 -9999 -9999 -9999 -9999 -9999 -9999 -9999 -9999 -9999 -9999 -9999 -9999 -9999 -9999 -9999 -9999 70 70 70 70 70 70 70 70 70 70 70 70 70 70 70 70 70 70 70 70 70 70 70 70 70 70 70 70 70 70 70 70 70 70 20 20 20
-9999 -9999 -9999 -9999 -9999 -9999 -9999 -9999 -9999 -9999 -9999 -9999 -9999 -9999 -9999 -9999 -9999 -9999 -9999 -9999 -9999 -9999 -9999 -9999 -9999 -9999 -9999 -9999 -9999 -9999 -9999 -9999 -9999 -9999 -9999 -9999 -9999 -9999 -9999 -9999 20 50 70 70 70 70 70 70 70 70 70 70 70 70 70 70 70 70 70 70 70 70 70 70 70 70 70 70 70 70 70 70 70 70 70 61 20 20 20
-9999 -9999 -9999 -9999 -9999 -9999 -9999 -9999 -9999 -9999 -9999 -9999 -9999 -9999 -9999 -9999 -9999 -9999 -9999 -9999 -9999 -9999 -9999 -9999 -9999 -9999 -9999 -9999 -9999 -9999 -9999 -9999 -9999 -9999 -9999 -9999 -9999 -9999 -9999 20 40 70 70 70 70 70 70 70 70 70 70 70 70 70 70 70 70 70 70 70 70 70 70 70 70 70 70 70 70 70 70 70 70 70 70 40 20 25 50
-9999 -9999 -9999 -9999 -9999 -9999 -9999 -9999 -9999 -9999 -9999 -9999 -9999 -9999 -9999 -9999 -9999 -9999 -9999 -9999 -9999 -9999 -9999 -9999 -9999 -9999 -9999 -9999 -9999 -9999 -9999 -9999 -9999 -9999 -9999 -9999 -9999 -9999 20 26 65 70 70 70 70 70 70 70 70 70 70 70 70 70 70 70 70 70 70 70 70 70 70 70 55 61 70 70 70 70 70 70 70 70 48 30 55 70 70
-9999 -9999 -9999 -9999 -9999 -9999 -9999 -9999 -9999 -9999 -9999 -9999 -9999 -9999 -9999 -9999 -9999 -9999 -9999 -9999 -9999 -9999 -9999 -9999 -9999 -9999 -9999 -9999 -9999 -9999 -9999 -9999 -9999 -9999 -9999 -9999 -9999 -9999 20 45 45 70 70 70 70 70 70 70 70 70 70 70 70 70 70 40 40 70 70 70 70 65 40 25 20 48 70 70 70 70 70 70 70 59 65 70 70 70 70
-9999 -9999 -9999 -9999 -9999 -9999 -9999 -9999 -9999 -9999 -9999 -9999 -9999 -9999 -9999 -9999 -9999 -9999 -9999 -9999 -9999 -9999 -9999 -9999 -9999 -9999 -9999 -9999 -9999 -9999 -9999 -9999 -9999 -9999 -9999 -9999 -9999 -9999 25 48 40 70 70 70 70 70 70 70 70 70 70 70 70 70 55 20 45 70 70 70 65 35 20 20 52 70 70 70 70 70 60 60 70 30 60 70 70 70 70
-9999 -9999 -9999 -9999 -9999 -9999 -9999 -9999 -9999 -9999 -9999 -9999 -9999 -9999 -9999 -9999 -9999 -9999 -9999 -9999 -9999 -9999 -9999 -9999 -9999 -9999 -9999 -9999 -9999 -9999 -9999 -9999 -9999 -9999 -9999 -9999 -9999 -9999 40 40 50 70 70 70 70 70 70 70 65 70 70 70 70 70 40 8 62 70 70 70 25 20 20 25 70 70 70 70 70 70 48 20 40 25 40 70 70 70 70
-9999 -9999 -9999 -9999 -9999 -9999 -9999 -9999 -9999 -9999 -9999 -9999 -9999 -9999 -9999 -9999 -9999 -9999 -9999 -9999 -9999 -9999 -9999 -9999 -9999 -9999 -9999 -9999 -9999 -9999 -9999 -9999 -9999 -9999 -9999 -9999 -9999 25 60 20 65 70 70 70 70 70 70 70 35 65 70 70 70 70 40 23 70 70 70 55 20 20 20 40 70 70 70 70 70 70 70 60 40 60 30 70 70 70 70
-9999 -9999 -9999 -9999 -9999 -9999 -9999 -9999 -9999 -9999 -9999 -9999 -9999 -9999 -9999 -9999 -9999 -9999 -9999 -9999 -9999 -9999 -9999 -9999 -9999 -9999 -9999 -9999 -9999 -9999 -9999 -9999 -9999 -9999 -9999 -9999 20 35 40 30 70 70 70 70 70 70 70 70 35 35 50 70 70 70 70 65 70 70 70 50 20 20 20 45 70 70 70 70 70 70 70 70 70 70 40 70 70 70 70
-9999 -9999 -9999 -9999 -9999 -9999 -9999 -9999 -9999 -9999 -9999 -9999 -9999 -9999 -9999 -9999 -9999 -9999 -9999 -9999 -9999 -9999 -9999 -9999 -9999 -9999 -9999 -9999 -9999 -9999 -9999 -9999 -9999 -9999 -9999 20 20 55 20 25 65 70 70 70 70 70 70 70 40 20 55 70 70 70 70 70 70 70 70 70 60 35 20 30 55 70 70 70 70 70 70 70 70 50 50 70 70 70 70
-9999 -9999 -9999 -9999 -9999 -9999 -9999 -9999 -9999 -9999 -9999 -9999 -9999 -9999 -9999 -9999 -9999 -9999 -9999 -9999 -9999 -9999 -9999 -9999 -9999 -9999 -9999 -9999 -9999 -9999 -9999 -9999 -9999 -9999 -9999 20 43 40 20 55 70 70 70 70 70 45 70 70 60 30 70 70 70 70 70 70 70 70 70 70 70 65 30 20 20 60 70 70 70 70 70 65 30 20 60 70 70 70 70
-9999 -9999 -9999 -9999 -9999 -9999 -9999 -9999 -9999 -9999 -9999 -9999 -9999 -9999 -9999 -9999 -9999 -9999 -9999 -9999 -9999 -9999 -9999 -9999 -9999 -9999 -9999 -9999 -9999 -9999 -9999 -9999 -9999 -9999 -9999 20 60 25 40 70 65 65 70 70 70 30 50 70 70 65 70 70 70 70 70 70 70 61 70 70 70 70 65 20 20 25 35 30 31 55 70 40 20 20 30 70 70 70 70
-9999 -9999 -9999 -9999 -9999 -9999 -9999 -9999 -9999 -9999 -9999 -9999 -9999 -9999 -9999 -9999 -9999 -9999 -9999 -9999 -9999 -9999 -9999 -9999 -9999 -9999 -9999 -9999 -9999 -9999 -9999 -9999 -9999 -9999 -9999 20 50 20 60 70 45 30 70 70 70 42 30 70 70 70 70 70 70 70 70 70 45 20 35 55 70 70 60 20 20 20 20 20 20 40 70 25 20 20 50 70 70 65 65
-9999 -9999 -9999 -9999 -9999 -9999 -9999 -9999 -9999 -9999 -9999 -9999 -9999 -9999 -9999 -9999 -9999 -9999 -9999 -9999 -9999 -9999 -9999 -9999 -9999 -9999 -9999 -9999 -9999 -9999 -9999 -9999 -9999 -9999 20 25 45 30 70 65 25 20 50 70 70 65 65 70 70 70 70 70 70 70 70 70 50 20 20 31 60 70 35 20 20 20 20 20 20 31 40 20 20 35 70 70 30 25 64
-9999 -9999 -9999 -9999 -9999 -9999 -9999 -9999 -9999 -9999 -9999 -9999 -9999 -9999 -9999 -9999 -9999 -9999 -9999 -9999 -9999 -9999 -9999 -9999 -9999 -9999 -9999 -9999 -9999 -9999 -9999 -9999 -9999 -9999 20 25 53 55 70 65 45 20 55 70 70 70 70 70 70 70 70 70 70 70 60 35 20 20 20 30 70 70 35 20 20 20 20 20 20 20 20 20 25 65 70 60 25 35 50
-9999 -9999 -9999 -9999 -9999 -9999 -9999 -9999 -9999 -9999 -9999 -9999 -9999 -9999 -9999 -9999 -9999 -9999 -9999 -9999 -9999 -9999 -9999 -9999 -9999 -9999 -9999 -9999 -9999 -9999 -9999 -9999 -9999 -9999 -9999 20 45 70 70 70 65 26 56 70 70 60 65 61 40 70 70 70 70 70 70 25 20 20 20 25 70 70 70 25 20 20 20 20 20 20 20 20 55 70 70 25 20 20 20
-9999 -9999 -9999 -9999 -9999 -9999 -9999 -9999 -9999 -9999 -9999 -9999 -9999 -9999 -9999 -9999 -9999 -9999 -9999 -9999 -9999 -9999 -9999 -9999 -9999 -9999 -9999 -9999 -9999 -9999 -9999 -9999 -9999 -9999 -9999 20 20 45 70 70 45 20 55 70 70 45 20 20 20 55 70 70 70 70 70 45 20 20 20 25 65 70 50 20 20 20 20 20 20 20 20 20 50 70 70 30 20 20 20
-9999 -9999 -9999 -9999 -9999 -9999 -9999 -9999 -9999 -9999 -9999 -9999 -9999 -9999 -9999 -9999 -9999 -9999 -9999 -9999 -9999 -9999 -9999 -9999 -9999 -9999 -9999 -9999 -9999 -9999 -9999 -9999 -9999 -9999 -9999 20 20 20 65 65 25 20 70 70 55 25 20 20 20 25 70 70 70 70 70 60 40 31 20 30 70 45 20 20 20 20 20 30 35 20 25 50 65 70 70 30 20 20 20
-9999 -9999 -9999 -9999 -9999 -9999 -9999 -9999 -9999 -9999 -9999 -9999 -9999 -9999 -9999 -9999 -9999 -9999 -9999 -9999 -9999 -9999 -9999 -9999 -9999 -9999 -9999 -9999 -9999 -9999 -9999 -9999 -9999 -9999 -9999 -9999 20 20 30 25 20 30 70 65 20 20 35 20 20 20 35 55 70 70 70 70 70 35 20 20 35 20 20 20 20 20 20 45 25 20 25 70 70 70 60 20 20 20 25
-9999 -9999 -9999 -9999 -9999 -9999 -9999 -9999 -9999 -9999 -9999 -9999 -9999 -9999 -9999 -9999 -9999 -9999 -9999 -9999 -9999 -9999 -9999 -9999 -9999 -9999 -9999 -9999 -9999 -9999 -9999 -9999 -9999 -9999 -9999 -9999 -9999 -9999 20 20 20 35 70 70 65 50 70 25 25 50 40 35 70 70 70 70 70 25 20 20 20 20 20 20 20 20 50 70 45 20 20 25 25 40 25 20 20 20 55
-9999 -9999 -9999 -9999 -9999 -9999 -9999 -9999 -9999 -9999 -9999 -9999 -9999 -9999 -9999 -9999 -9999 -9999 -9999 -9999 -9999 -9999 -9999 -9999 -9999 -9999 -9999 -9999 -9999 -9999 -9999 -9999 -9999 -9999 -9999 -9999 -9999 -9999 20 20 20 40 70 70 70 70 40 20 50 70 70 70 70 70 70 70 70 25 20 20 20 20 20 20 20 35 70 70 60 20 20 20 20 20 20 20 20 30 40
-9999 -9999 -9999 -9999 -9999 -9999 -9999 -9999 -9999 -9999 -9999 -9999 -9999 -9999 -9999 -9999 -9999 -9999 -9999 -9999 -9999 -9999 -9999 -9999 -9999 -9999 -9999 -9999 -9999 -9999 -9999 -9999 -9999 -9999 -9999 -9999 -9999 -9999 20 20 20 25 65 70 70 70 40 20 60 70 70 70 70 70 70 70 70 31 20 20 20 20 20 20 20 25 70 70 53 20 20 20 20 20 20 20 20 55 20
-9999 -9999 -9999 -9999 -9999 -9999 -9999 -9999 -9999 -9999 -9999 -9999 -9999 -9999 -9999 -9999 -9999 -9999 -9999 -9999 -9999 -9999 -9999 -9999 -9999 -9999 -9999 -9999 -9999 -9999 -9999 -9999 -9999 -9999 -9999 -9999 -9999 -9999 20 20 20 20 45 70 70 70 70 70 70 70 70 70 70 70 70 70 30 20 20 20 20 20 20 20 20 20 65 70 65 30 20 20 20 20 20 20 35 70 55
-9999 -9999 -9999 -9999 -9999 -9999 -9999 -9999 -9999 -9999 -9999 -9999 -9999 -9999 -9999 -9999 -9999 -9999 -9999 -9999 -9999 -9999 -9999 -9999 -9999 -9999 -9999 -9999 -9999 -9999 -9999 -9999 -9999 -9999 -9999 -9999 -9999 -9999 20 20 20 20 35 70 70 70 70 70 70 70 70 70 70 70 70 61 25 20 20 20 20 20 25 40 48 65 70 70 70 65 25 20 20 40 25 25 65 70 70
-9999 -9999 -9999 -9999 -9999 -9999 -9999 -9999 -9999 -9999 -9999 -9999 -9999 -9999 -9999 -9999 -9999 -9999 -9999 -9999 -9999 -9999 -9999 -9999 -9999 -9999 -9999 -9999 -9999 -9999 -9999 -9999 -9999 -9999 -9999 -9999 -9999 -9999 20 20 20 20 50 70 70 70 70 70 70 70 70 70 55 52 70 70 40 20 20 20 20 20 25 45 65 70 70 70 55 60 30 20 35 55 20 55 70 70 70
-9999 -9999 -9999 -9999 -9999 -9999 -9999 -9999 -9999 -9999 -9999 -9999 -9999 -9999 -9999 -9999 -9999 -9999 -9999 -9999 -9999 -9999 -9999 -9999 -9999 -9999 -9999 -9999 -9999 -9999 -9999 -9999 -9999 -9999 -9999 -9999 -9999 -9999 20 20 20 31 70 70 70 70 70 70 70 70 70 70 20 25 60 70 25 20 20 20 20 20 20 25 65 70 70 43 20 20 20 20 50 30 20 50 55 70 70
-9999 -9999 -9999 -9999 -9999 -9999 -9999 -9999 -9999 -9999 -9999 -9999 -9999 -9999 -9999 -9999 -9999 -9999 -9999 -9999 -9999 -9999 -9999 -9999 -9999 -9999 -9999 -9999 -9999 -9999 -9999 -9999 -9999 -9999 -9999 -9999 -9999 -9999 20 20 50 35 70 70 70 55 30 70 70 70 70 70 30 20 30 70 25 20 35 55 20 20 25 60 70 70 70 65 20 20 20 20 20 25 65 65 20 30 60
-9999 -9999 -9999 -9999 -9999 -9999 -9999 -9999 -9999 -9999 -9999 -9999 -9999 -9999 -9999 -9999 -9999 -9999 -9999 -9999 -9999 -9999 -9999 -9999 -9999 -9999 -9999 -9999 -9999 -9999 -9999 -9999 -9999 -9999 -9999 -9999 -9999 20 20 20 25 25 70 70 70 55 25 70 70 70 70 70 65 25 25 70 47 20 55 70 35 60 70 70 70 70 70 70 31 20 20 20 30 60 70 70 60 55 50
-9999 -9999 -9999 -9999 -9999 -9999 -9999 -9999 -9999 -9999 -9999 -9999 -9999 -9999 -9999 -9999 -9999 -9999 -9999 -9999 -9999 -9999 -9999 -9999 -9999 -9999 -9999 -9999 -9999 -9999 -9999 -9999 -9999 -9999 -9999 -9999 -9999 -9999 42 40 20 25 70 70 70 60 30 70 70 70 70 70 70 65 20 65 55 20 65 70 70 70 70 70 70 70 70 70 35 20 20 38 70 70 70 70 70 70 70
-9999 -9999 -9999 -9999 -9999 -9999 -9999 -9999 -9999 -9999 -9999 -9999 -9999 -9999 -9999 -9999 -9999 -9999 -9999 -9999 -9999 -9999 -9999 -9999 -9999 -9999 -9999 -9999 -9999 -9999 -9999 -9999 -9999 -9999 -9999 -9999 -9999 -9999 -9999 35 20 50 70 70 70 70 25 50 70 70 70 70 65 35 20 70 40 20 30 59 70 70 65 30 35 40 48 45 20 20 34 70 70 70 70 40 40 70 70
-9999 -9999 -9999 -9999 -9999 -9999 -9999 -9999 -9999 -9999 -9999 -9999 -9999 -9999 -9999 -9999 -9999 -9999 -9999 -9999 -9999 -9999 -9999 -9999 -9999 -9999 -9999 -9999 -9999 -9999 -9999 -9999 -9999 -9999 -9999 -9999 -9999 -9999 -9999 -9999 65 70 70 70 70 70 20 25 70 70 70 65 25 20 35 70 25 20 20 25 55 70 35 20 20 20 20 20 20 26 65 70 70 65 30 20 45 70 70
-9999 -9999 -9999 -9999 -9999 -9999 -9999 -9999 -9999 -9999 -9999 -9999 -9999 -9999 -9999 -9999 -9999 -9999 -9999 -9999 -9999 -9999 -9999 -9999 -9999 -9999 -9999 -9999 -9999 -9999 -9999 -9999 -9999 -9999 -9999 -9999 -9999 -9999 -9999 70 70 70 70 70 70 70 50 65 70 70 70 70 30 20 50 60 20 20 20 20 20 25 20 20 20 26 25 20 20 52 70 70 70 30 35 65 70 70 70
-9999 -9999 -9999 -9999 -9999 -9999 -9999 -9999 -9999 -9999 -9999 -9999 -9999 -9999 -9999 -9999 -9999 -9999 -9999 -9999 -9999 -9999 -9999 -9999 -9999 -9999 -9999 -9999 -9999 -9999 -9999 -9999 -9999 -9999 -9999 -9999 -9999 -9999 -9999 70 70 70 50 20 55 70 70 70 70 70 70 70 50 20 45 45 20 20 20 20 20 20 20 20 55 70 70 65 60 70 70 70 40 40 70 70 70 70 70
-9999 -9999 -9999 -9999 -9999 -9999 -9999 -9999 -9999 -9999 -9999 -9999 -9999 -9999 -9999 -9999 -9999 -9999 -9999 -9999 -9999 -9999 -9999 -9999 -9999 -9999 -9999 -9999 -9999 -9999 -9999 -9999 20 20 20 20 20 20 42 65 70 70 60 20 25 65 55 70 70 70 70 70 25 20 55 35 20 20 20 20 20 20 20 30 70 70 70 70 70 70 70 60 20 65 70 70 70 70 70
-9999 -9999 -9999 -9999 -9999 -9999 -9999 -9999 -9999 -9999 -9999 -9999 -9999 -9999 -9999 -9999 -9999 -9999 -9999 -9999 -9999 20 20 -9999 -9999 -9999 -9999 -9999 -9999 -9999 -9999 -9999 20 20 20 20 20 20 20 20 40 59 70 50 20 45 20 50 70 70 70 40 20 35 70 29 20 20 20 20 20 20 20 45 70 70 70 70 70 70 70 30 20 65 70 70 70 70 70
-9999 -9999 -9999 -9999 -9999 -9999 -9999 -9999 -9999 -9999 -9999 -9999 -9999 -9999 -9999 -9999 -9999 -9999 -9999 -9999 20 20 20 20 20 -9999 -9999 -9999 -9999 -9999 -9999 20 20 48 70 65 60 25 20 20 20 20 30 60 40 30 20 25 60 70 60 20 20 45 50 50 25 20 20 20 20 20 20 25 35 30 45 70 70 45 25 20 25 65 70 70 56 55 70
-9999 -9999 -9999 -9999 -9999 -9999 -9999 -9999 -9999 -9999 -9999 -9999 -9999 -9999 -9999 -9999 -9999 -9999 20 20 20 20 20 20 20 20 20 -9999 -9999 -9999 -9999 20 35 70 70 70 60 20 20 20 20 20 20 20 30 60 25 30 30 60 25 20 30 70 35 70 45 20 20 20 20 20 20 20 20 20 20 60 55 20 25 45 65 70 70 55 25 45 70
-9999 -9999 -9999 -9999 -9999 -9999 -9999 -9999 -9999 -9999 -9999 -9999 -9999 -9999 -9999 -9999 -9999 20 20 20 20 20 20 20 20 20 20 20 20 20 20 20 20 30 25 20 20 20 20 20 20 20 20 20 20 59 70 60 20 20 20 35 65 37 60 70 70 42 20 20 20 20 20 20 20 20 50 65 25 55 70 70 70 70 70 50 20 40 70
-9999 -9999 -9999 -9999 -9999 -9999 -9999 -9999 -9999 -9999 -9999 -9999 -9999 -9999 -9999 20 20 20 20 20 20 20 20 20 20 20 20 20 20 20 20 20 20 20 20 20 20 20 20 20 20 20 20 20 20 30 70 65 25 20 40 70 40 45 70 50 30 20 20 20 20 20 20 20 20 20 40 50 35 70 70 70 70 70 65 30 20 25 70
-9999 -9999 -9999 -9999 -9999 -9999 -9999 -9999 -9999 -9999 -9999 -9999 -9999 -9999 20 20 20 20 20 20 20 20 20 20 20 20 20 20 20 20 20 20 20 20 20 20 20 20 20 20 20 20 20 20 20 20 55 70 70 70 65 37 50 70 70 25 20 20 20 20 20 20 20 20 20 20 60 40 45 70 70 70 70 70 50 20 20 20 70
-9999 -9999 -9999 -9999 -9999 -9999 -9999 -9999 20 20 20 -9999 -9999 20 20 20 20 20 20 20 20 20 20 20 20 20 20 20 20 20 20 20 20 20 20 20 20 55 55 25 20 20 20 20 20 20 20 35 45 35 20 50 70 65 30 20 20 20 20 20 20 20 30 50 60 60 30 25 65 70 70 70 70 70 65 30 25 20 65
-9999 -9999 -9999 -9999 -9999 -9999 -9999 20 20 20 20 20 20 20 20 20 20 20 25 20 20 20 20 20 20 20 20 20 20 20 20 20 20 20 20 20 20 25 25 20 20 20 20 20 20 20 20 20 20 20 20 20 65 35 20 20 20 20 20 20 20 50 70 70 55 20 30 65 70 70 70 70 65 70 70 70 70 60 65
-9999 -9999 -9999 -9999 -9999 -9999 -9999 20 20 20 20 20 20 26 45 20 20 50 70 40 20 20 20 20 20 20 30 40 20 20 20 20 20 25 20 20 20 20 20 20 20 20 20 20 20 20 30 40 35 20 20 20 25 20 20 20 20 20 20 30 65 70 65 42 20 50 70 70 70 70 70 70 55 35 70 70 70 70 70
-9999 -9999 -9999 -9999 -9999 -9999 -9999 20 20 20 20 20 25 60 60 20 43 70 70 37 20 20 20 20 20 25 70 70 55 20 20 40 35 42 53 40 25 20 20 20 20 20 20 20 20 20 50 70 45 20 20 20 20 20 20 20 20 20 25 65 70 70 35 20 20 60 70 70 70 70 70 60 35 20 55 70 70 70 70
-9999 -9999 -9999 -9999 -9999 -9999 20 20 20 20 20 20 59 65 30 20 20 70 40 20 20 20 20 20 20 20 55 70 40 20 25 70 45 20 38 70 70 60 40 25 20 20 20 20 20 20 65 70 25 20 20 20 40 25 25 29 20 20 50 70 70 65 20 20 45 70 70 65 50 70 70 35 20 20 30 70 70 70 70
-9999 -9999 -9999 -9999 -9999 -9999 20 20 20 25 30 30 25 20 20 20 20 26 20 20 20 20 20 20 20 20 34 70 65 35 65 70 25 20 20 65 70 70 70 65 48 26 20 20 20 35 70 50 20 20 20 25 65 40 60 70 50 55 70 70 70 70 35 20 45 70 55 20 35 70 59 30 20 20 25 70 70 70 70
-9999 -9999 -9999 -9999 -9999 20 20 20 35 70 70 50 20 20 20 20 20 25 20 20 20 20 20 20 20 20 20 30 70 70 70 55 20 20 20 20 65 70 30 60 59 60 64 50 40 55 70 30 20 20 20 40 70 70 70 70 70 70 70 70 70 70 60 20 50 70 70 26 45 70 25 20 20 20 20 65 70 70 70
-9999 -9999 -9999 -9999 -9999 20 20 20 45 70 65 55 20 20 60 35 20 65 60 30 20 20 20 20 20 20 20 25 65 70 70 40 20 20 20 35 70 60 20 50 25 35 70 70 70 70 65 25 20 20 20 45 70 70 70 70 70 70 70 70 70 70 70 60 70 70 70 45 45 70 35 20 20 20 20 50 70 70 70
-9999 -9999 -9999 -9999 20 20 20 20 45 60 25 20 20 35 60 20 50 70 70 70 35 20 20 20 20 20 25 65 70 65 40 20 20 20 50 70 70 65 20 45 20 20 20 30 60 70 70 70 55 35 20 25 70 70 70 70 70 70 70 70 70 70 70 70 70 70 70 65 60 70 30 20 20 20 35 65 70 70 70
-9999 -9999 -9999 -9999 20 20 20 20 40 20 20 20 20 25 20 30 70 70 70 70 35 20 20 20 20 20 50 70 50 25 20 20 20 25 50 70 70 70 25 45 20 20 20 20 45 70 70 70 70 70 64 40 70 70 70 70 70 70 70 70 48 55 70 70 70 70 70 70 70 70 65 50 50 65 70 70 70 70 70
-9999 -9999 -9999 20 20 20 20 20 20 20 20 20 20 20 20 25 70 65 48 70 26 20 20 25 20 25 70 65 20 20 20 20 20 20 20 50 70 70 50 50 20 20 50 30 60 70 70 70 70 70 70 70 70 70 70 70 70 70 70 70 25 37 70 70 70 70 70 70 70 70 70 70 70 70 70 70 70 70 70
-9999 -9999 -9999 20 20 20 20 20 20 20 20 20 20 30 40 25 50 30 25 65 35 20 25 55 20 45 70 50 20 20 20 20 20 20 20 25 70 70 70 50 20 35 64 25 55 70 70 70 70 70 70 70 70 70 70 70 59 35 70 65 25 60 70 70 70 70 70 70 70 70 70 70 70 70 70 70 70 70 70
-9999 -9999 -9999 20 20 20 20 20 20 20 20 20 20 50 65 45 45 20 20 55 48 35 60 70 45 61 70 40 20 20 20 20 20 20 25 60 70 70 70 30 45 70 70 45 60 70 70 70 70 70 70 70 70 70 70 70 43 47 70 70 70 70 70 70 70 70 70 70 70 70 70 70 70 70 70 70 70 70 70
-9999 -9999 20 20 20 20 20 20 20 20 20 20 20 40 70 50 20 20 30 70 70 70 70 70 70 70 70 35 20 20 20 20 20 20 25 70 70 70 60 20 60 70 70 25 45 65 70 70 70 70 70 70 70 70 70 70 70 70 70 70 70 70 70 70 70 70 70 70 70 70 70 70 70 70 70 70 70 70 70
-9999 -9999 20 20 20 20 20 20 20 20 20 20 20 20 50 25 20 20 25 45 70 70 70 70 70 70 70 35 20 20 20 20 20 20 42 70 70 70 65 30 70 45 45 20 20 26 56 70 70 70 70 70 70 70 70 70 70 70 70 70 70 70 70 70 70 70 70 70 70 70 70 70 70 70 70 70 70 70 70
-9999 20 20 20 20 20 20 20 20 30 35 35 25 50 70 25 20 20 60 35 70 70 70 70 70 70 65 35 20 20 20 20 20 25 65 70 70 70 70 65 55 20 20 20 20 20 55 70 70 70 70 70 70 70 70 70 70 70 70 70 70 70 70 70 70 70 70 70 -9999 -9999 70 70 70 70 70 70 70 70 70
-9999 20 20 20 20 20 20 20 20 42 70 70 70 70 70 35 20 20 30 20 65 70 70 70 50 25 20 20 20 20 20 20 20 37 70 70 50 55 70 70 43 16 20 20 20 20 55 70 70 70 70 70 70 70 70 70 70 70 70 70 70 70 70 70 70 70 -9999 -9999 -9999 -9999 -9999 -9999 -9999 -9999 70 70 70 70 70
20 20 20 20 20 20 20 20 20 60 70 70 70 70 70 40 20 45 20 20 40 70 70 70 47 20 20 20 20 20 20 20 20 37 70 50 20 20 25 40 21 17 20 20 20 20 55 70 70 70 70 70 70 70 70 70 70 70 70 70 70 70 70 70 70 -9999 -9999 -9999 -9999 -9999 -9999 -9999 -9999 -9999 -9999 -9999 -9999 -9999 70
20 20 20 20 20 20 20 20 25 70 70 70 70 70 70 35 50 55 20 55 60 65 70 70 55 20 20 20 20 20 20 20 20 35 65 20 20 20 20 20 8 16 20 20 20 20 50 70 70 70 70 70 70 70 70 70 70 70 70 70 70 70 70 70 -9999 -9999 -9999 -9999 -9999 -9999 -9999 -9999 -9999 -9999 -9999 -9999 -9999 -9999 -9999
